NA28 NA30 4730 5321 5913 25919537 26725869 27366329
NA141 NA33 13291 13953 14616 43937489 44765694 45350663
NA53 NA50 10425 11043 11661 36978190 37669321 38864513
NA86 NA119 2536 3170 3804 22001704 23046101 23963732
NA132 NA44 5633 6189 6746 27144107 27563775 28002430
NA129 NA136 982 1552 2123 18574715 19737610 20954214
NA139 NA142 14868 15585 16303 45657067 46709881 47657108
NA62 NA177 999 1561 2123 18597502 19744524 20954214
NA46 NA14 765 1368 1971 18317142 19593301 20278529
NA79 NA192 5062 5706 6350 26388706 27202946 27677073
NA8 NA78 7667 8638 9610 31246452 33558767 35532734
NA90 NA112 9421 10081 10741 35211173 36552846 37343442
NA72 NA185 17235 17846 18457 48741310 49264313 49693556
NA93 NA87 8158 9066 9974 32865675 34260738 36134668
NA25 NA49 4125 4736 5347 24981337 25924444 26737680
NA42 NA19 6732 7714 8696 27992747 31424943 33668049
NA150 NA157 7932 8851 9771 32565654 33913550 35865844
NA11 NA138 11684 12591 13499 38925719 42567090 44414326
NA10 NA26 10880 11653 12426 37514339 38858813 41166135
NA166 NA70 10203 10749 11296 36663627 37347610 37939252
NA167 NA186 8734 9570 10406 33726749 35499256 36959500
NA16 NA45 16929 17565 18201 48478158 49014201 49557356
NA6 NA24 4968 5621 6275 26282238 27133681 27645258
NA153 NA176 6671 7652 8633 27949129 31153276 33538834
NA154 NA156 16164 16777 17391 47497788 48283718 48858480
NA130 NA69 6022 6742 7463 27430724 27999881 30679387
NA162 NA89 13033 13711 14390 43572420 44576132 45130428
NA168 NA29 10198 10747 11296 36662723 37344580 37939252
NA183 NA125 14610 15288 15966 45338213 46323254 47162670
NA199 NA111 615 1260 1905 18082559 19238574 20217414
NA59 NA58 49 555 1062 17601466 18029546 18720273
NA178 NA151 17121 17744 18367 48677640 49173615 49659429
NA140 NA0 14924 15646 16368 45732328 46826299 47766657
NA23 NA96 17759 18332 18905 49180915 49642470 50124094
NA43 NA105 6847 7814 8781 28092551 31941032 33805729
NA191 NA21 12870 13566 14262 43185783 44475243 45018936
NA145 NA198 6183 6954 7725 27562184 28178694 31439650
NA7 NA173 13199 13850 14501 43749027 44711266 45224766
NA163 NA56 13126 13784 14443 43664344 44661641 45169340
NA2 NA181 9829 10413 10998 35929523 36967874 37614208
NA121 NA159 14950 15659 16369 45828546 46834829 47767673
NA143 NA92 12909 13593 14277 43412376 44494317 45045661
NA109 NA95 1315 1896 2478 19516909 20212216 21710067
NA64 NA40 9376 10051 10727 35007819 36517998 37335326
NA146 NA107 13198 13847 14496 43746132 44708655 45217138
NA175 NA133 7940 8856 9772 32573443 33922614 35866387
NA3 NA161 15103 15830 16558 45971880 46970552 47997532
NA36 NA60 17239 17856 18474 48741583 49267025 49706512
NA51 NA48 9023 9812 10601 34146368 35916580 37210656
NA9 NA103 9118 9879 10641 34337020 36001162 37247851
NA144 NA73 11602 12514 13426 38724576 41908405 44323597
NA5 NA41 6622 7613 8605 27919967 31058115 33514133
NA74 NA196 5910 6557 7205 27365665 27869192 29621158
NA148 NA124 15284 16017 16751 46316863 47269798 48270959
NA114 NA22 6239 7007 7776 27624375 28244191 31589373
NA155 NA110 8999 9799 10599 34116508 35898318 37209977
NA52 NA15 16541 17177 17813 47987698 48710480 49231995
NA80 NA115 8829 9643 10457 33879139 35607152 37004171
NA20 NA54 16589 17214 17839 48021665 48723069 49263285
NA39 NA179 3610 4285 4960 23815573 25237008 26280316
NA4 NA116 7314 8339 9364 29902192 33042209 34978106
NA122 NA195 7248 8278 9308 29684098 32980455 34799760
NA189 NA98 8927 9718 10509 34027471 35786873 37078069
NA134 NA27 16339 16945 17551 47715712 48488206 49007522
NA17 NA123 8945 9728 10511 34066846 35802199 37080275
NA100 NA83 15832 16537 17242 46974717 47985843 48742097
NA149 NA165 14979 15711 16443 45863608 46868663 47883698
NA67 NA101 16016 16647 17278 47268069 48147561 48757897
NA160 NA106 16778 17460 18143 48284888 48923158 49524293
NA94 NA32 17142 17757 18372 48694145 49179546 49659811
NA68 NA76 15007 15727 16447 45895162 46879314 47887739
NA61 NA117 13105 13773 14442 43646901 44654739 45169167
NA18 NA82 13774 14428 15082 44656581 45159248 45952612
NA120 NA152 9407 10074 10741 35147445 36545570 37343442
NA108 NA126 13300 13964 14629 43981125 44769535 45386409
NA170 NA47 9185 9925 10665 34430084 36071537 37260754
NA137 NA182 9492 10125 10759 35366230 36599507 37352714
NA55 NA88 1055 1608 2161 18656092 19808167 20970175
NA84 NA37 11408 12334 13260 38184573 40526214 43868315
NA193 NA38 1228 1853 2478 19146835 20171251 21710067
NA57 NA184 13635 14301 14967 44515806 45068596 45856941
NA169 NA127 1050 1587 2124 18651546 19770886 20954760
NA75 NA131 8670 9531 10392 33627221 35421957 36953160
NA147 NA99 1734 2339 2944 19950763 21346485 22699092
NA85 NA91 16827 17486 18146 48353662 48945010 49525038
NA180 NA13 7180 8196 9212 29568963 32920099 34495465
NA158 NA118 13523 14170 14817 44429762 44965364 45589191
NA35 NA174 3999 4573 5147 24314258 25626085 26470198
NA97 NA135 17128 17747 18367 48685044 49175818 49659429
NA190 NA104 11385 12321 13258 38089682 40428794 43867177
NA187 NA172 574 1198 1822 18043090 19134083 20135961
NA66 NA63 6603 7603 8604 27903420 31011906 33512743
NA102 NA31 8644 9518 10392 33568560 35400784 36953160
NA1 NA12 5505 6068 6632 26962033 27473772 27922662
NA71 NA113 9395 10061 10727 35095967 36533942 37335326
NA65 NA34 3043 3718 4393 22848011 23898845 25347070
NA164 NA171 3378 4063 4749 23399743 24648654 25933459
NA194 NA188 8263 9200 10137 32965049 34469368 36608205
NA81 NA197 1662 2272 2883 19879938 21306743 22580303
NA128 NA77 4188 4795 5402 25100636 26123488 26792453
