NA85 NA187 11141 12080 13019 37741052 39860130 43564963
NA100 NA35 7958 8875 9792 32604989 33950537 35890112
NA51 NA176 11110 12040 12971 37713048 39758830 43505071
NA166 NA183 14354 15007 15661 45110765 45895162 46835377
NA113 NA8 3590 4256 4922 23804598 25219697 26260052
NA72 NA173 17820 18392 18965 49257285 49669743 50347927
NA155 NA54 746 1358 1971 18295575 19580185 20278529
NA129 NA6 3210 3898 4587 23140940 24187820 25633846
NA111 NA150 12635 13350 14065 42711003 44220673 44834764
NA158 NA138 4575 5145 5716 25628386 26467790 27211083
NA97 NA192 8972 9775 10578 34087553 35871708 37195044
NA197 NA109 4658 5284 5911 25687568 26688107 27366150
NA89 NA114 1133 1732 2331 18992378 19949103 21342811
NA82 NA107 10924 11761 12598 37550259 39276000 42633054
NA189 NA102 16629 17238 17848 48112457 48741402 49264574
NA81 NA118 9535 10163 10792 35433821 36633744 37374751
NA142 NA193 14196 14857 15519 44978713 45647431 46577210
NA48 NA87 5932 6582 7233 27378221 27894536 29652278
NA119 NA84 3332 4000 4669 23283834 24323500 25705278
NA147 NA128 1754 2350 2947 19972824 21352724 22700949
NA164 NA154 10729 11478 12227 37337409 38522887 40101392
NA45 NA80 14899 15611 16324 45682975 46771921 47683076
NA99 NA65 15631 16333 17035 46812277 47701711 48591692
NA67 NA140 8490 9352 10214 33276686 34902351 36668760
NA122 NA5 11274 12191 13108 37905285 40046538 43647954
NA19 NA199 3724 4345 4966 23906078 25291095 26281597
NA190 NA83 17380 18023 18666 48851078 49404893 49825918
NA165 NA2 12491 13261 14031 41661154 43869856 44820796
NA32 NA124 5117 5765 6414 26446611 27244507 27744608
NA116 NA172 15924 16585 17246 47111432 48019799 48743249
NA127 NA53 3661 4310 4960 23855036 25258827 26280316
NA20 NA144 11258 12169 13081 37882731 40014783 43629089
NA9 NA188 16472 17075 17678 47938494 48651726 49093535
NA24 NA112 1892 2447 3002 20207825 21443517 22757275
NA162 NA79 3286 3968 4651 23231755 24242973 25679077
NA132 NA70 12222 13022 13822 40095562 43565703 44698887
NA133 NA44 4699 5305 5912 25813597 26710256 27366328
NA22 NA43 13230 13888 14546 43824009 44737646 45268798
NA59 NA47 5578 6122 6666 27065681 27516762 27948052
NA50 NA14 6624 7614 8605 27920144 31060029 33514133
NA135 NA40 1898 2450 3002 20214899 21448500 22757275
NA123 NA13 9544 10174 10805 35442944 36639742 37408511
NA56 NA136 1378 1940 2502 19596695 20248660 21917190
NA157 NA36 7788 8754 9721 31776246 33762103 35791803
NA62 NA21 10027 10573 11120 36457613 37193540 37717313
NA76 NA17 11508 12446 13384 38605927 41342438 44295087
NA153 NA170 15930 16588 17246 47119300 48020986 48743249
NA105 NA139 16082 16697 17312 47369065 48214606 48811068
NA198 NA167 10538 11183 11829 37116098 37781369 39388827
NA121 NA68 198 702 1206 17725150 18257735 19140990
NA179 NA115 3506 4162 4819 23697301 25081241 26149567
NA25 NA28 15126 15869 16613 45994189 47032086 48065145
NA0 NA7 12947 13627 14307 43491269 44512124 45074069
NA101 NA75 17876 18448 19020 49290550 49688404 50468933
NA181 NA42 14877 15590 16304 45664607 46722531 47657635
NA103 NA131 12463 13247 14031 41450863 43857328 44820796
NA26 NA104 7572 8546 9521 30960412 33441372 35404033
NA23 NA93 17645 18231 18818 49072814 49569315 49947789
NA125 NA34 7307 8334 9361 29881468 33039289 34969110
NA185 NA57 16601 17220 17839 48036687 48727259 49263285
NA160 NA12 12672 13385 14098 42804028 44295103 44888205
NA177 NA195 9470 10106 10742 35340103 36587704 37343466
NA152 NA149 15242 15971 16701 46285252 47175381 48215838
NA39 NA96 4376 4996 5616 25320256 26319391 27117690
NA74 NA16 273 836 1400 17780385 18420055 19617637
NA92 NA148 7055 8097 9139 29039615 32827586 34357236
NA90 NA108 9924 10501 11078 36071358 37066709 37681649
NA146 NA27 8677 9534 10392 33645816 35429941 36953160
NA10 NA66 16367 16965 17563 47766596 48514296 49013399
NA106 NA174 10298 10883 11468 36794567 37517697 38505347
NA184 NA182 13538 14181 14825 44450449 44970410 45596506
NA145 NA77 4063 4687 5312 24648654 25778021 26718641
NA194 NA58 4794 5392 5991 26123092 26789849 27416593
NA171 NA4 2412 3031 3651 21417220 22800380 23850482
NA120 NA1 16505 17129 17754 47958868 48685281 49179000
NA61 NA60 10911 11716 12522 37541812 39157315 41959443
NA163 NA71 10223 10780 11337 36679652 37367536 37977713
NA41 NA168 16950 17578 18206 48489720 49022638 49557555
NA98 NA191 4650 5266 5883 25678970 26673399 27339913
NA86 NA95 6954 7950 8947 28178694 32579676 34067781
NA134 NA64 8383 9298 10213 33108866 34756271 36668427
NA130 NA88 10038 10579 11120 36480881 37195055 37717313
NA169 NA186 4277 4850 5423 25232918 26168558 26802892
NA52 NA46 7482 8490 9499 30779322 33276686 35375081
NA159 NA18 12149 12980 13812 39978039 43517905 44694612
NA69 NA126 7473 8486 9499 30736147 33275447 35375081
NA117 NA11 15236 15965 16695 46281973 47161519 48214519
NA29 NA94 10210 10763 11316 36667068 37356644 37964189
NA37 NA38 847 1427 2008 18443699 19636351 20722220
NA63 NA33 15502 16221 16941 46569171 47568291 48483385
NA141 NA55 7561 8540 9520 30953502 33439006 35402518
NA73 NA143 15902 16572 17242 47097450 48009055 48742097
NA161 NA110 14110 14783 15456 44922408 45500518 46502870
NA175 NA3 13757 14419 15082 44616218 45154051 45952612
NA151 NA91 14570 15252 15934 45311891 46292650 47120744
NA31 NA180 7081 8110 9139 29257147 32832874 34357236
NA196 NA15 15304 16029 16755 46338556 47295656 48271713
NA49 NA78 5033 5683 6334 26355397 27186310 27670020
NA178 NA156 13024 13695 14367 43567789 44560873 45117556
NA30 NA137 11140 12079 13019 37740691 39859169 43564963
